304400050968
892197357618
497070954549
918016778728
245516428190
423617362783
464126655185
871925210119
197860298457
581446334270
744755835279
906492144241
932121524957
60089102013
415131367750
449914423011
11293381471
215690769733
410286109381
194483998103
760185398743
904792974247
643151140506
217331235860
465412493773
985453716773
862669027217
90023595527
621630246482
985164234666
955262968885
673248083474
703670301449
295524200220
596086603537
615155342214
191021535951
786146483654
646383513293
67501501077
340211163419
638985254876
826948128103
830171257436
124469110824
390555437047
954814397778
750162860655
952385855595
683795415865
386445666773
980041884163
938999173467
254979181963
475836746440
669844769097
231402889088
706921273679
36711022669
52514244328
264377950873
439627374227
686644161415
89304347334
612618568092
9957487737
829924813574
830421738850
438195609240
719881969702
373975505888
953245940951
382632071454
854019700817
468945641922
530020177257
320828888658
349587300144
379408984607
519019995283
393161969036
731133132414
285883732020
106868805359
342695357519
795456498437
304962475783
625894327212
235679834868
300041939508
631810832024
737214551352
56453131400
173656290038
944577036547
994468675318
636483229424
944150310144
781836189738
38190098606
